t	bincall	amcall	binput	amput
0.002739726	10.56926989	10.56926989	0.454423107	0.454587617
0.010958904	13.0588011	13.0588011	2.839444315	2.844063076
0.019178082	15.08986898	15.08986898	4.766047711	4.774243186
0.02739726	16.71927593	16.71927593	6.291035673	6.303023565
0.035616438	18.12076865	18.12076865	7.588154877	7.604349821
0.043835616	19.37020191	19.37020191	8.73326009	8.754524467
0.052054795	20.50881259	20.50881259	9.767588146	9.79604106
0.060273973	21.56198072	21.56198072	10.71651908	10.7622307
0.068493151	22.65007162	22.65007162	11.70041818	11.76219076
0.076712329	23.69646368	23.69646368	12.64266382	12.71224747
0.084931507	24.68975267	24.68975267	13.53185173	13.60927613
0.093150685	25.63743377	25.63743377	14.37547711	14.4607698
0.101369863	26.54538088	26.54538088	15.17941381	15.27260059
0.109589041	27.41829913	27.41829913	15.94836695	16.04947209
0.117808219	28.26002693	28.26002693	16.68617492	16.79525878
0.126027397	29.07374448	29.07374448	17.39601789	17.51356109
0.134246575	29.86212181	29.86212181	18.0805659	18.20664023
0.142465753	30.62742671	30.62742671	18.74208668	18.87671983
0.150684932	31.37160477	31.37160477	19.38252582	19.52574406
0.15890411	32.09634019	32.09634019	20.00356752	20.15539583
0.167123288	32.80310251	32.80310251	20.60668126	20.7671435
0.175342466	33.49318308	33.49318308	21.19315841	21.36227738
0.183561644	34.16772402	34.16772402	21.76414103	21.94193861
0.191780822	34.82774129	34.82774129	22.3206451	22.50714228
0.2	35.47414344	35.47414344	22.86357913	23.05879613
0.208219178	36.10774691	36.10774691	23.39375953	23.59771582
0.216438356	36.72928856	36.72928856	23.91192317	24.12470864
0.224657534	37.33943622	37.33943622	24.41873783	24.64039582
0.232876712	37.9387974	37.9387974	24.91481102	25.14536026
0.24109589	38.52792666	38.52792666	25.40069727	25.64015591
0.249315068	39.10733189	39.10733189	25.87690446	26.12529008
0.257534247	39.67747963	39.67747963	26.3438991	26.60122874
0.265753425	40.23879967	40.23879967	26.80211097	27.06845034
0.273972603	40.79168896	40.79168896	27.25193699	27.52764245
0.282191781	41.33651504	41.33651504	27.69374468	27.97883565
0.290410959	41.87361901	41.87361901	28.12787515	28.42285425
0.298630137	42.40331816	42.40331816	28.55464563	28.85957156
0.306849315	42.92590818	42.92590818	28.97435181	29.28924639
0.315068493	43.44166521	43.44166521	29.38726981	29.71215423
0.323287671	43.95084761	43.95084761	29.79365797	30.12855281
0.331506849	44.45369751	44.45369751	30.1937584	30.53868368
0.339726027	44.95044223	44.95044223	30.58779839	30.94277359
0.347945205	45.4412955	45.4412955	30.97599166	31.34103574
0.356164384	45.92645857	45.92645857	31.35853946	31.73367089
0.364383562	46.40612126	46.40612126	31.73563156	32.12086834
0.37260274	46.8804628	46.8804628	32.10744717	32.50280687
0.380821918	47.34965265	47.34965265	32.47415575	32.87965549
0.389041096	47.81385126	47.81385126	32.83591773	33.25157423
0.397260274	48.2732107	48.2732107	33.19288515	33.61871475
0.405479452	48.72787529	48.72787529	33.54520231	33.98122096
0.41369863	49.17798212	49.17798212	33.89300629	34.33922957
0.421917808	49.62366157	49.62366157	34.23642745	34.69287061
0.430136986	50.06503775	50.06503775	34.57558985	35.04226781
0.438356164	50.5022289	50.5022289	34.91061176	35.3875423
0.446575342	50.93534782	50.93534782	35.24160593	35.72913468
0.454794521	51.36450217	51.36450217	35.56868001	36.06682336
0.463013699	51.78979483	51.78979483	35.89193686	36.40071084
0.471232877	52.21132416	52.21132416	36.21147481	36.73089515
0.479452055	52.62918429	52.62918429	36.52738799	37.05747006
0.487671233	53.0434654	53.0434654	36.83976654	37.38052541
0.495890411	53.45425388	53.45425388	37.14869685	37.70014729
0.504109589	53.86163263	53.86163263	37.45426178	38.01641828
0.512328767	54.26568119	54.26568119	37.75654087	38.32941761
0.520547945	54.66647597	54.66647597	38.05561051	38.63922142
0.528767123	55.06409041	55.06409041	38.35154411	38.94590284
0.536986301	55.45859514	55.45859514	38.64441228	39.24953224
0.545205479	55.85005811	55.85005811	38.93428295	39.55017729
0.553424658	56.23854477	56.23854477	39.22122156	39.84790318
0.561643836	56.62411817	56.62411817	39.50529113	40.1427727
0.569863014	57.00683906	57.00683906	39.78655241	40.43484638
0.578082192	57.38676609	57.38676609	40.06506401	40.72418259
0.58630137	57.7639558	57.7639558	40.34088246	41.01097061
0.594520548	58.13846282	58.13846282	40.61406237	41.29563452
0.602739726	58.5103399	58.5103399	40.88465647	41.57772738
0.610958904	58.87963803	58.87963803	41.15271573	41.8572999
0.619178082	59.24640651	59.24640651	41.41828944	42.1344555
0.62739726	59.61069304	59.61069304	41.68142526	42.40933512
0.635616438	59.97254376	59.97254376	41.94216933	42.68183791
0.643835616	60.33200336	60.33200336	42.20056631	42.95200827
0.652054795	60.68911514	60.68911514	42.45665949	43.21988922
0.660273973	61.04392103	61.04392103	42.71049078	43.48552244
0.668493151	61.3964617	61.3964617	42.96210081	43.74894834
0.676712329	61.74677658	61.74677658	43.21152902	44.01053818
0.684931507	62.09490393	62.09490393	43.45881364	44.27034003
0.693150685	62.44088088	62.44088088	43.70399177	44.52805108
0.701369863	62.78474347	62.78474347	43.94709945	44.78370709
0.709589041	63.12652672	63.12652672	44.18817166	45.03734281
0.717808219	63.46626465	63.46626465	44.42724242	45.28899198
0.726027397	63.80399031	63.80399031	44.66434475	45.5386874
0.734246575	64.13973585	64.13973585	44.89951078	45.78646094
0.742465753	64.47353252	64.47353252	45.13277175	46.03234361
0.750684932	64.80541074	64.80541074	45.36415805	46.27636559
0.75890411	65.1354001	65.1354001	45.59369926	46.51855621
0.767123288	65.4635294	65.4635294	45.82142416	46.75894404
0.775342466	65.78982671	65.78982671	46.04736079	46.99755692
0.783561644	66.11431933	66.11431933	46.27153646	47.23442192
0.791780822	66.4370339	66.4370339	46.49397775	47.46956545
0.8	66.75799635	66.75799635	46.7147106	47.70301322
0.808219178	67.07723198	67.07723198	46.93376027	47.93479032
0.816438356	67.39476544	67.39476544	47.15115142	48.1649212
0.824657534	67.71062079	67.71062079	47.36690806	48.39342969
0.832876712	68.02482149	68.02482149	47.58105366	48.62033905
0.84109589	68.33739044	68.33739044	47.79361108	48.845672
0.849315068	68.64835	68.64835	48.00460265	49.06945067
0.857534247	68.95772198	68.95772198	48.21405019	49.2916967
0.865753425	69.26552769	69.26552769	48.42197499	49.51243122
0.873972603	69.57178794	69.57178794	48.62839783	49.73167484
0.882191781	69.87652309	69.87652309	48.83333903	49.94944772
0.890410959	70.17975299	70.17975299	49.03681846	50.16576955
0.898630137	70.48149707	70.48149707	49.23885551	50.38065959
0.906849315	70.78177432	70.78177432	49.43946916	50.5942224
0.915068493	71.08060331	71.08060331	49.63867795	50.80696254
0.923287671	71.37800221	71.37800221	49.83650004	51.01832853
0.931506849	71.67398878	71.67398878	50.03295316	51.22833792
0.939726027	71.96858041	71.96858041	50.22805469	51.4370079
0.947945205	72.2617941	72.2617941	50.42182162	51.64435531
0.956164384	72.55364652	72.55364652	50.61427058	51.8503966
0.964383562	72.84415396	72.84415396	50.80541786	52.05514789
0.97260274	73.13333239	73.13333239	50.9952794	52.25862495
0.980821918	73.42119745	73.42119745	51.18387082	52.46084325
0.989041096	73.70776444	73.70776444	51.37120742	52.66181793
0.997260274	73.99304839	73.99304839	51.55730418	52.86156381
1.005479452	74.27706398	74.27706398	51.74217579	53.06009542
1.01369863	74.55982564	74.55982564	51.92583664	53.25742701
1.021917808	74.84134748	74.84134748	52.10830083	53.45357253
1.030136986	75.12164336	75.12164336	52.28958221	53.64854567
1.038356164	75.40072685	75.40072685	52.46969432	53.84235984
1.046575342	75.67861128	75.67861128	52.64865047	54.0350282
1.054794521	75.9553097	75.9553097	52.82646371	54.22656366
1.063013699	76.23083494	76.23083494	53.00314682	54.41697888
1.071232877	76.50519956	76.50519956	53.17871237	54.60628628
1.079452055	76.77841591	76.77841591	53.35317268	54.79449804
1.087671233	77.0504961	77.0504961	53.52653983	54.98162613
1.095890411	77.32145201	77.32145201	53.6988257	55.16768228
1.104109589	77.59129532	77.59129532	53.87004193	55.35267802
1.112328767	77.86003749	77.86003749	54.04019998	55.53662468
1.120547945	78.12768976	78.12768976	54.20931108	55.71953335
1.128767123	78.3942632	78.3942632	54.37738625	55.90141495
1.136986301	78.65976867	78.65976867	54.54443635	56.08228021
1.145205479	78.92421682	78.92421682	54.71047201	56.26213965
1.153424658	79.18761814	79.18761814	54.87550371	56.44100361
1.161643836	79.44998293	79.44998293	55.03954172	56.61888227
1.169863014	79.71132131	79.71132131	55.20259614	56.79578562
1.178082192	79.97164324	79.97164324	55.36467691	56.97172347
1.18630137	80.23095849	80.23095849	55.52579379	57.14670548
1.194520548	80.48927668	80.48927668	55.68595638	57.32074114
1.202739726	80.74660727	80.74660727	55.84517412	57.49383977
1.210958904	81.00295956	81.00295956	56.00345628	57.66601057
1.219178082	81.25834269	81.25834269	56.160812	57.83732806
1.22739726	81.51276566	81.51276566	56.31725025	58.0083203
1.235616438	81.76623733	81.76623733	56.47277987	58.17841327
1.243835616	82.01876639	82.01876639	56.62740955	58.34761553
1.252054795	82.27036143	82.27036143	56.78114784	58.51593551
1.260273973	82.52103087	82.52103087	56.93400314	58.68375968
1.268493151	82.770783	82.770783	57.08598375	58.85116886
1.276712329	83.01962601	83.01962601	57.23709781	59.0177221
1.284931507	83.26756794	83.26756794	57.38735334	59.18342729
1.293150685	83.51461669	83.51461669	57.53675825	59.34829219
1.301369863	83.76078007	83.76078007	57.68532031	59.51232445
1.309589041	84.00606575	84.00606575	57.83304718	59.6755316
1.317808219	84.25048129	84.25048129	57.9799464	59.83792105
1.326027397	84.49403414	84.49403414	58.1260254	59.99950011
1.334246575	84.73673163	84.73673163	58.2712915	60.16027596
1.342465753	84.97858099	84.97858099	58.41575189	60.32025569
1.350684932	85.21958933	85.21958933	58.55941368	60.47944628
1.35890411	85.45976367	85.45976367	58.70228387	60.63785461
1.367123288	85.69911092	85.69911092	58.84436935	60.79548744
1.375342466	85.93763789	85.93763789	58.9856769	60.95235145
1.383561644	86.17535129	86.17535129	59.12621323	61.10845322
1.391780822	86.41225774	86.41225774	59.26598493	61.26379924
1.4	86.64836376	86.64836376	59.4049985	61.41839589
1.408219178	86.88367578	86.88367578	59.54326036	61.57224947
1.416438356	87.11820013	87.11820013	59.68077682	61.7253662
1.424657534	87.35194308	87.35194308	59.81755411	61.8777522
1.432876712	87.58491077	87.58491077	59.95359839	62.02941351
1.44109589	87.81710929	87.81710929	60.08891571	62.18035607
1.449315068	88.04854463	88.04854463	60.22351205	62.33058576
1.457534247	88.27922271	88.27922271	60.35739329	62.48010838
1.465753425	88.50914935	88.50914935	60.49056526	62.62892962
1.473972603	88.73833031	88.73833031	60.62303368	62.77705513
1.482191781	88.96677127	88.96677127	60.75480422	62.92449046
1.490410959	89.19447783	89.19447783	60.88588246	63.07148626
1.498630137	89.4214555	89.4214555	61.01627391	63.21837148
1.506849315	89.64770975	89.64770975	61.14598399	63.36458381
1.515068493	89.87324595	89.87324595	61.27501807	63.51012849
1.523287671	90.09806941	90.09806941	61.40338145	63.6550107
1.531506849	90.32218539	90.32218539	61.53107934	63.79926696
1.539726027	90.54559904	90.54559904	61.65811691	63.94328523
1.547945205	90.76831549	90.76831549	61.78449924	64.08665733
1.556164384	90.99033976	90.99033976	61.91023136	64.22938818
1.564383562	91.21167685	91.21167685	62.03531823	64.37148262
1.57260274	91.43233166	91.43233166	62.15976474	64.51294544
1.580821918	91.65230906	91.65230906	62.28357573	64.65378137
1.589041096	91.87161382	91.87161382	62.40675598	64.79399506
1.597260274	92.0902507	92.0902507	62.52931021	64.93359114
1.605479452	92.30822436	92.30822436	62.65124306	65.07257414
1.61369863	92.52553942	92.52553942	62.77255913	65.21094857
1.621917808	92.74220044	92.74220044	62.89326299	65.34871885
1.630136986	92.95821192	92.95821192	63.0133591	65.48588939
1.638356164	93.17357833	93.17357833	63.1328519	65.6224645
1.646575342	93.38830406	93.38830406	63.25174578	65.75844846
1.654794521	93.60239345	93.60239345	63.37004505	65.89384551
1.663013699	93.81585079	93.81585079	63.487754	66.02865981
1.671232877	94.02868034	94.02868034	63.60487685	66.1628955
1.679452055	94.24088627	94.24088627	63.72141777	66.29655665
1.687671233	94.45247274	94.45247274	63.8373809	66.42964729
1.695890411	94.66344384	94.66344384	63.9527703	66.56217141
1.704109589	94.87380362	94.87380362	64.06759	66.69413293
1.712328767	95.08355608	95.08355608	64.181844	66.82553575
1.720547945	95.29270517	95.29270517	64.29553622	66.95638371
1.728767123	95.50125481	95.50125481	64.40867055	67.08668062
1.736986301	95.70920885	95.70920885	64.52125085	67.21643022
1.745205479	95.91657112	95.91657112	64.63328092	67.34563623
1.753424658	96.12334541	96.12334541	64.74476451	67.47430233
1.761643836	96.32953543	96.32953543	64.85570535	67.60243214
1.769863014	96.5351449	96.5351449	64.96610711	67.73002926
1.778082192	96.74017745	96.74017745	65.07597343	67.85709723
1.78630137	96.94463671	96.94463671	65.18530791	67.98363956
1.794520548	97.14852626	97.14852626	65.29411408	68.10965972
1.802739726	97.35184961	97.35184961	65.40239549	68.23516115
1.810958904	97.55461027	97.55461027	65.51015559	68.36014723
1.819178082	97.7568117	97.7568117	65.61739783	68.48462133
1.82739726	97.95845731	97.95845731	65.72412562	68.60858678
1.835616438	98.1595505	98.1595505	65.83034232	68.73247732
1.843835616	98.3600946	98.3600946	65.93605125	68.85636689
1.852054795	98.56009293	98.56009293	66.04125572	68.97975908
1.860273973	98.75954877	98.75954877	66.14595898	69.10265705
1.868493151	98.95846536	98.95846536	66.25016426	69.22506395
1.876712329	99.15684591	99.15684591	66.35387475	69.34698288
1.884931507	99.35469359	99.35469359	66.45709359	69.46841689
1.893150685	99.55201155	99.55201155	66.55982393	69.58936902
1.901369863	99.74880289	99.74880289	66.66206884	69.70984229
1.909589041	99.94507069	99.94507069	66.7638314	69.82983965
1.917808219	100.140818	100.140818	66.86511462	69.94936406
1.926027397	100.3360478	100.3360478	66.9659215	70.06841842
1.934246575	100.5307632	100.5307632	67.06625502	70.18700561
1.942465753	100.724967	100.724967	67.1661181	70.3051285
1.950684932	100.9186622	100.9186622	67.26551365	70.42278989
1.95890411	101.1118516	101.1118516	67.36444456	70.53999258
1.967123288	101.3045382	101.3045382	67.46291366	70.65673935
