0	100	100
0.002739726	99.95184477	100.0759434
0.005479452	99.83897227	100.0719392
0.008219178	99.7957032	100.130145
0.010958904	99.83260526	100.1837018
0.01369863	99.82403361	100.3666583
0.016438356	99.56291641	100.0501303
0.019178082	99.45470503	100.2374627
0.021917808	99.25025151	100.3541848
0.024657534	99.29851971	100.2253706
0.02739726	99.28048738	100.1013105
0.030136986	99.28482402	100.1089609
0.032876712	99.3262408	100.2469484
0.035616438	99.0606307	100.1533069
0.038356164	99.00675193	100.211695
0.04109589	99.01860065	99.91334843
0.043835616	98.58229371	99.84482788
0.046575342	98.46622248	99.94371969
0.049315068	98.32681132	100.0247895
0.052054795	98.43101207	99.90549809
0.054794521	98.28403414	99.68819223
0.057534247	98.37533758	99.61011148
0.060273973	98.29144439	99.83360727
0.063013699	98.33545094	99.82856517
0.065753425	98.33751163	99.6784344
0.068493151	98.31567457	99.48419174
0.071232877	98.43847807	99.12810131
0.073972603	98.72732919	99.36281295
0.076712329	98.36000208	99.4591738
0.079452055	98.24522301	99.57837099
0.082191781	97.95780147	99.8700699
0.084931507	98.3727104	99.59076926
0.087671233	98.32815458	99.05548035
0.090410959	98.24423208	99.08481358
0.093150685	98.31868545	99.18676085
0.095890411	98.40623289	99.80033952
0.098630137	98.2991106	99.74345479
0.101369863	98.40468119	100.1358789
0.104109589	98.88971835	99.65103864
0.106849315	98.27624338	99.7026449
0.109589041	98.21888498	99.21860043
0.112328767	97.86840338	99.22433834
0.115068493	97.54146669	98.4986922
0.117808219	97.51996231	98.37087539
0.120547945	97.75082609	98.08233788
0.123287671	97.60395325	97.76236356
0.126027397	97.58286534	97.86391319
0.128767123	97.26036208	98.03608902
0.131506849	97.14919832	97.5391167
0.134246575	96.77450159	98.05014797
0.136986301	96.46951926	97.79052647
0.139726027	96.6798533	97.22991316
0.142465753	97.27101061	97.26629474
0.145205479	97.63812481	98.26953374
0.147945205	98.19626472	98.39992962
0.150684932	97.7447835	97.99679828
0.153424658	97.83436199	97.84580341
0.156164384	97.46366681	98.52184157
0.15890411	97.35623931	98.3781164
0.161643836	97.93768671	98.33331695
0.164383562	97.82299198	98.12515737
0.167123288	97.35956405	98.65628648
0.169863014	97.65951539	99.08505454
0.17260274	97.8125069	99.13000824
0.175342466	97.84039715	99.95124892
0.178082192	97.60365176	99.09774157
0.180821918	97.79455356	99.00960482
0.183561644	98.13537607	99.1241146
0.18630137	97.98770761	98.85028353
0.189041096	98.74274287	98.97052978
0.191780822	98.39175913	98.13670387
0.194520548	98.60510379	98.38859749
0.197260274	99.20673192	98.1052199
0.2	99.16120094	98.36740026
0.202739726	99.3382241	99.18763115
0.205479452	99.34496452	99.00347847
0.208219178	97.99979082	98.66672965
0.210958904	98.67651234	98.15885784
0.21369863	97.68611857	98.0274988
0.216438356	97.21015445	97.77891614
0.219178082	96.98463087	98.10868141
0.221917808	97.17530704	97.48166785
0.224657534	97.58463533	97.25669544
0.22739726	97.91820748	97.59747937
0.230136986	98.14267177	97.49420088
0.232876712	98.6685115	97.49977705
0.235616438	97.98757734	96.9741346
0.238356164	97.93419743	96.25976328
0.24109589	98.416536	96.66841858
0.243835616	97.76274338	96.56548189
0.246575342	97.69939802	96.40998535
0.249315068	96.79441086	96.68158823
0.252054795	96.82264588	95.75755937
0.254794521	96.23550011	95.03850346
0.257534247	96.13699251	94.15938666
0.260273973	95.96618387	94.23991482
0.263013699	96.42623052	94.03676755
0.265753425	96.54810861	93.63606965
0.268493151	97.35133603	94.05916448
0.271232877	97.28857327	93.84074117
0.273972603	97.11666406	94.66455058
0.276712329	97.42625578	95.16869413
0.279452055	97.09731975	95.46631084
0.282191781	97.18033568	96.14082123
0.284931507	97.04804857	95.68844023
0.287671233	96.91543193	96.26666569
0.290410959	97.29253348	96.59184884
0.293150685	97.04856942	96.16885318
0.295890411	97.10247223	96.45784804
0.298630137	96.75880925	97.47291464
0.301369863	97.23128944	97.33616116
0.304109589	97.91955417	97.37221845
0.306849315	98.81265832	97.52581947
0.309589041	99.42088304	97.6845042
0.312328767	98.80382588	97.05172054
0.315068493	98.53034397	96.91764292
0.317808219	97.99133864	96.18288853
0.320547945	97.99367502	97.30614859
0.323287671	98.01676825	97.33540023
0.326027397	97.43290977	97.72966426
0.328767123	97.0936589	96.84065211
0.331506849	97.46783735	96.75152781
0.334246575	96.37347639	96.88440081
0.336986301	96.15823485	97.1792001
0.339726027	95.99993106	97.93095663
0.342465753	96.56805326	97.81525933
0.345205479	96.28918717	97.40510758
0.347945205	94.53088556	97.28499471
0.350684932	93.80062679	96.74183792
0.353424658	93.56744001	95.76806484
0.356164384	93.25998943	94.86800287
0.35890411	93.31558875	95.83545545
0.361643836	93.45226704	95.75319445
0.364383562	93.58716766	96.14199637
0.367123288	93.20645048	96.26863591
0.369863014	93.12276662	95.95946845
0.37260274	92.65020513	95.1946643
0.375342466	92.54426006	96.31867741
0.378082192	92.68184601	96.63349479
0.380821918	93.41284439	96.65842424
0.383561644	93.25411117	97.8370306
0.38630137	93.9816327	98.15395135
0.389041096	94.21991662	98.21182674
0.391780822	94.17314557	98.91577367
0.394520548	94.48781874	99.46375144
0.397260274	94.43500207	99.41989237
0.4	94.66302201	99.12073869
0.402739726	94.34703737	97.66435997
0.405479452	94.07870571	98.04725693
0.408219178	94.26245963	98.69340563
0.410958904	94.89248939	98.28061814
0.41369863	95.27393002	97.90972695
0.416438356	95.22619147	99.41637753
0.419178082	95.40507526	98.82820672
0.421917808	94.89757205	99.32902883
0.424657534	93.79462161	98.66588846
0.42739726	93.87298335	98.43699646
0.430136986	94.60347108	98.22739369
0.432876712	94.23305033	98.01399755
0.435616438	94.25182384	96.99284883
0.438356164	93.70841728	97.52981174
0.44109589	93.76591207	98.13316552
0.443835616	93.8809689	97.91867165
0.446575342	92.7195359	97.22819603
0.449315068	92.48563734	97.96306751
0.452054795	91.87185713	96.37603885
0.454794521	90.9165052	97.41262744
0.457534247	89.24568494	98.75145023
0.460273973	90.03361525	98.34789178
0.463013699	89.98053599	98.67024343
0.465753425	88.77005142	99.31847909
0.468493151	89.49928606	99.32267506
0.471232877	89.48923138	99.14886302
0.473972603	89.92313751	99.23776195
0.476712329	89.80157892	99.54766179
0.479452055	89.87073132	98.78865872
0.482191781	89.9461345	98.66014253
0.484931507	89.75113135	99.86668441
0.487671233	90.50895827	100.622823
0.490410959	90.56834672	100.8276204
0.493150685	91.05143628	99.64642381
0.495890411	90.49451277	99.97887416
0.498630137	89.76295879	98.87221858
0.501369863	89.00587833	99.39466458
0.504109589	88.62317493	99.86695424
0.506849315	88.140687	100.8757533
0.509589041	88.00309074	100.7387676
0.512328767	87.89976446	101.2365424
0.515068493	87.66365303	101.4784833
0.517808219	88.47650825	102.7925003
0.520547945	88.16365831	102.8705965
0.523287671	88.5632053	101.2123476
0.526027397	88.20445566	101.3518471
0.528767123	89.1774245	100.69038
0.531506849	89.96806233	101.4860036
0.534246575	89.2046679	101.2765287
0.536986301	89.35871308	100.8239617
0.539726027	89.27078105	101.5675511
0.542465753	88.66461104	102.143457
0.545205479	88.73282784	103.947148
0.547945205	88.55961517	104.1409275
0.550684932	88.75675042	105.6310961
0.553424658	88.55121157	104.2958692
0.556164384	90.72994962	105.0590605
0.55890411	91.67275606	103.31269
0.561643836	91.7589583	104.1572896
0.564383562	91.43008539	104.2042537
0.567123288	90.75329293	103.5742947
0.569863014	91.30259545	103.4194128
0.57260274	91.46710243	103.9284081
0.575342466	93.61973519	104.6982293
0.578082192	93.35877263	104.7171316
0.580821918	93.19063112	104.4087424
0.583561644	92.75653529	104.3263866
0.58630137	94.31066084	104.4522681
0.589041096	94.55126404	104.674193
0.591780822	95.48310641	104.1552072
0.594520548	96.52144035	103.9872755
0.597260274	97.55987566	105.0492281
0.6	98.67884173	105.413586
0.602739726	98.83509884	104.9297939
0.605479452	98.32795248	104.4386388
0.608219178	96.55018775	104.5168202
0.610958904	97.36012493	103.1409873
0.61369863	96.76673551	102.519618
0.616438356	96.79605987	101.7892946
0.619178082	96.97965527	102.539467
0.621917808	98.00369151	100.6109584
0.624657534	97.98128289	100.9286432
0.62739726	98.59710473	101.0209637
0.630136986	98.52822649	98.63129962
0.632876712	97.8759528	100.2687744
0.635616438	97.95064258	99.95001028
0.638356164	97.26101368	99.60012481
0.64109589	97.76014502	98.7052948
0.643835616	96.60560108	98.08037872
0.646575342	97.40972997	97.91161565
0.649315068	97.57393417	96.73326185
0.652054795	96.94425976	95.67089815
0.654794521	98.54214249	95.40399729
0.657534247	98.31607389	94.71978377
0.660273973	98.70725914	94.25019838
0.663013699	97.24805231	93.3444704
0.665753425	97.22507083	92.47123927
0.668493151	97.79762713	91.22404595
0.671232877	97.46630776	90.625304
0.673972603	97.03930072	89.93691454
0.676712329	97.95603362	89.09816189
0.679452055	97.62707923	89.06172893
0.682191781	96.95116838	89.53643178
0.684931507	96.91793815	89.52440609
0.687671233	96.55525943	90.8030028
0.690410959	95.7466754	91.35549141
0.693150685	95.4487944	91.31907488
0.695890411	95.5533574	91.88639269
0.698630137	94.96597755	92.89970374
0.701369863	95.30901604	91.69721094
0.704109589	95.70262446	92.91510579
0.706849315	95.91623353	91.46682449
0.709589041	95.81470415	92.15792526
0.712328767	96.60406903	92.1548581
0.715068493	96.40259812	93.34474981
0.717808219	96.29505699	93.25219616
0.720547945	94.80671781	93.74583357
0.723287671	94.8744031	93.39449085
0.726027397	94.92083212	92.03140151
0.728767123	94.77749344	92.35560543
0.731506849	94.35268664	91.85286587
0.734246575	96.04422264	92.52808018
0.736986301	96.14050372	92.3456414
0.739726027	96.62530983	91.956262
0.742465753	96.99877541	92.02925645
0.745205479	96.62615555	92.38563826
0.747945205	96.05650833	92.99462659
0.750684932	96.11533085	93.92032965
0.753424658	95.40138058	94.69046202
0.756164384	95.43111764	94.89795172
0.75890411	94.03619284	94.68489587
0.761643836	92.78648897	95.07186856
0.764383562	92.56445766	94.6206598
0.767123288	92.20915602	94.026597
0.769863014	92.39441901	93.62593243
0.77260274	92.98365963	94.16014178
0.775342466	93.69750768	93.32599252
0.778082192	92.79009727	93.12081211
0.780821918	92.28581321	94.17324277
0.783561644	92.93492022	94.48179935
0.78630137	93.09442148	92.88197711
0.789041096	93.27192667	94.80758162
0.791780822	92.61517573	94.91029977
0.794520548	92.7539695	93.57437042
0.797260274	91.9758504	93.27317477
0.8	93.19152188	93.38772787
0.802739726	93.29592307	93.74032101
0.805479452	94.1686283	94.54354621
0.808219178	93.91487554	92.98042562
0.810958904	92.93456118	91.16111479
0.81369863	93.4674415	90.88069374
0.816438356	93.96237707	91.08872259
0.819178082	94.71688549	89.12410872
0.821917808	95.63376256	88.3327356
0.824657534	95.81670778	89.26771582
0.82739726	94.52785399	89.34259575
0.830136986	95.23853457	88.92230261
0.832876712	95.83195557	88.58040838
0.835616438	95.2115977	88.91686213
0.838356164	96.25310237	88.98343647
0.84109589	97.77166361	90.00699872
0.843835616	98.88257329	90.76709505
0.846575342	98.96603219	91.74905244
0.849315068	99.54582825	91.85429128
0.852054795	99.4796273	92.04424415
0.854794521	100.4085248	94.16936419
0.857534247	99.82248	93.02725722
0.860273973	100.8812564	93.36010551
0.863013699	100.2429852	94.15884754
0.865753425	101.1061538	93.72889844
0.868493151	100.4976181	93.60446666
0.871232877	100.6925822	95.16708019
0.873972603	100.5867188	96.16601801
0.876712329	100.5714893	95.96060716
0.879452055	99.78308769	96.50658994
0.882191781	101.5735689	96.05488824
0.884931507	101.2791212	97.03023394
0.887671233	101.0868422	96.27780172
0.890410959	104.3080846	95.87620144
0.893150685	106.311406	97.26612572
0.895890411	107.9895694	95.97956247
0.898630137	106.7468331	94.92427913
0.901369863	106.7526379	95.18722007
0.904109589	106.1694481	93.2967447
0.906849315	107.361518	93.08864765
0.909589041	107.8025151	93.94781504
0.912328767	107.0837287	92.4130854
0.915068493	106.3819273	92.00862555
0.917808219	106.6592405	91.60803518
0.920547945	106.4122758	93.14943011
0.923287671	105.8179653	92.1671405
0.926027397	106.5061778	92.13376985
0.928767123	105.5857461	92.93912843
0.931506849	106.3262192	93.64661272
0.934246575	105.2858867	93.29432165
0.936986301	106.9170405	93.69012208
0.939726027	106.5081891	92.83157109
0.942465753	107.1803225	92.31375427
0.945205479	105.9871314	93.0634918
0.947945205	105.7357281	94.07685279
0.950684932	105.1206018	94.14734601
0.953424658	105.3686403	93.49476417
0.956164384	103.9296668	94.61369733
0.95890411	105.7548044	94.853099
0.961643836	105.1962163	92.52828886
0.964383562	105.0482897	94.06238607
0.967123288	104.5931527	94.28929307
0.969863014	103.4350886	95.05983539
0.97260274	101.6075592	95.3904579
0.975342466	100.4782213	94.94317166
0.978082192	100.7310012	95.73267628
0.980821918	101.3448098	96.32262955
0.983561644	101.3190237	95.36636131
0.98630137	102.5860061	93.01582508
0.989041096	104.2443993	92.10369275
0.991780822	104.7906696	91.23333537
0.994520548	105.025894	90.26058088
0.997260274	105.0591786	89.8958172
1	104.6120896	90.28759338
